#First_and_3_last_digits_of_student_number TaxiID
5108 156
6204 223
6444 24
6874 243
7237 104
7297 70
7599 14
7831 94
7639 269
7756 74
7847 172
7509 113
7738 365
7177 157
7594 316
7932 92
7464 45
8054 351
8600 103
3895 361
8904 58
7870 190
7604 353
8449 273
6754 89
4964 78
8446 275
8695 229
8648 140
8057 198
8978 230
9411 127
8984 178
8384 240
8964 29
8668 12
8648 191
8034 112
8972 196
8285 185
8058 254
8689 352
8184 4
9531 171
8892 186
8095 360
8848 53
8591 48
8925 154
8068 369
8081 192
8101 232
8060 357
8916 183
8007 259
8809 84
8113 61
8111 147
7873 71
8105 7
8129 317
8653 130
8125 76
3567 65
8137 298
8798 268
8130 115
8885 194
8675 153
8149 245
8631 252
8261 214
7643 197
8090 261
8862 11
8553 137
8058 150
7615 287
8858 310
8800 264
8993 50
8046 315
8856 359
8087 109
8323 41
6916 110
8972 51
8867 322
8775 203
8346 341
8829 44
8398 37
8125 220
8237 118
8150 288
8587 224
8823 329
8586 3
8537 42
7017 343
8722 91
7965 202
8690 350
7691 39
8208 318
8769 362
8507 204
7531 72
8939 257
8796 167
7349 22
8972 79
6676 200
8861 244
8283 106
8714 342
8162 210
8174 260
8731 145
8514 120
7360 280
8490 163
8588 205
8216 97
8576 134